0	2.80336038091
1	2.3978952728
2	2.80336038091
3	2.80336038091
4	2.80336038091
5	1.55059741241
6	2.3978952728
7	2.3978952728
8	2.80336038091
9	2.80336038091
10	2.80336038091
11	0.451985123743
12	2.80336038091
13	2.80336038091
14	2.80336038091
15	2.80336038091
16	2.80336038091
17	2.80336038091
18	2.80336038091
19	2.80336038091
20	2.80336038091
21	2.80336038091
22	2.11021320035
23	2.80336038091
24	2.80336038091
25	2.80336038091
26	2.3978952728
27	2.3978952728
28	2.80336038091
29	2.3978952728
30	2.80336038091
31	2.80336038091
32	2.80336038091
33	2.80336038091
34	2.80336038091
35	2.3978952728
36	2.80336038091
37	2.11021320035
38	2.80336038091
39	2.80336038091
40	2.3978952728
41	2.80336038091
42	2.80336038091
43	0.931558204005
44	2.3978952728
45	2.3978952728
46	2.11021320035
47	2.80336038091
48	2.80336038091
49	2.80336038091
50	0.5520685823
51	2.3978952728
52	2.11021320035
53	2.80336038091
54	2.80336038091
55	2.80336038091
56	2.80336038091
57	2.80336038091
58	2.80336038091
59	2.80336038091
60	2.80336038091
61	2.80336038091
62	2.80336038091
63	2.80336038091
64	2.80336038091
65	2.80336038091
66	2.80336038091
67	2.80336038091
68	2.80336038091
69	2.80336038091
70	2.80336038091
71	2.80336038091
72	2.80336038091
73	2.80336038091
74	2.80336038091
75	2.80336038091
76	2.80336038091
77	2.80336038091
78	2.80336038091
79	2.80336038091
80	2.80336038091
81	2.80336038091
82	2.80336038091
83	2.80336038091
84	2.80336038091
85	2.80336038091
86	2.80336038091
87	2.80336038091
88	2.80336038091
89	2.80336038091
90	2.80336038091
91	2.80336038091
92	2.80336038091
93	2.3978952728
94	2.80336038091
95	2.80336038091
96	2.80336038091
97	2.80336038091
98	2.80336038091
99	2.80336038091
100	2.80336038091
101	2.80336038091
102	2.80336038091
103	2.80336038091
104	2.80336038091
105	2.11021320035
106	2.80336038091
107	2.3978952728
108	2.80336038091
109	2.80336038091
110	2.80336038091
111	1.88706964903
112	2.3978952728
113	2.3978952728
114	2.80336038091
115	2.3978952728
116	2.80336038091
117	2.80336038091
118	2.80336038091
119	2.3978952728
120	2.80336038091
121	2.80336038091
122	2.80336038091
123	2.3978952728
124	2.80336038091
125	2.80336038091
126	2.3978952728
127	2.80336038091
128	2.80336038091
129	2.80336038091
130	2.80336038091
131	2.80336038091
132	2.3978952728
133	2.80336038091
134	2.80336038091
135	2.80336038091
136	2.80336038091
137	2.80336038091
138	2.80336038091
139	2.80336038091
140	2.80336038091
141	2.80336038091
142	2.80336038091
143	2.80336038091
144	2.80336038091
145	2.80336038091
146	2.80336038091
147	2.80336038091
148	2.80336038091
149	2.80336038091
150	2.80336038091
151	2.80336038091
152	2.80336038091
153	2.80336038091
154	2.80336038091
155	2.80336038091
156	2.80336038091
157	2.3978952728
158	2.80336038091
159	2.80336038091
160	2.3978952728
161	2.80336038091
162	2.3978952728
163	2.80336038091
164	2.80336038091
165	2.80336038091
166	2.3978952728
167	2.80336038091
168	2.80336038091
169	2.80336038091
170	2.80336038091
171	2.80336038091
172	2.80336038091
173	2.80336038091
174	2.80336038091
175	2.80336038091
176	2.80336038091
177	2.80336038091
178	2.80336038091
179	2.80336038091
180	2.80336038091
181	2.80336038091
182	2.80336038091
183	2.80336038091
184	2.80336038091
185	2.80336038091
186	2.80336038091
187	2.80336038091
188	2.80336038091
189	2.80336038091
190	2.80336038091
191	2.80336038091
192	2.80336038091
193	2.80336038091
194	2.80336038091
195	2.80336038091
196	2.80336038091
197	2.80336038091
198	2.80336038091
199	2.80336038091
200	2.80336038091
201	2.80336038091
202	2.80336038091
203	2.80336038091
204	2.80336038091
205	2.80336038091
206	2.80336038091
207	2.80336038091
208	2.3978952728
209	2.80336038091
210	2.80336038091
211	2.80336038091
212	2.80336038091
213	2.80336038091
214	2.80336038091
