0	4
1	2
2	3
3	2
4	2
5	2
6	1
7	1
8	78
9	1
10	29
11	1
12	1
13	1
14	1
15	1
16	1
17	19
18	12
19	1
20	1
21	8
22	29
23	11
24	23
25	25
26	1
27	1
28	2
29	1
30	3
31	1
32	38
33	1
34	1
35	2
36	1
37	6
38	1
39	3
40	1
41	2
42	8
43	6
44	6
45	5
46	3
47	9
48	1
49	1
50	4
51	1
52	1
53	3
54	16
55	1
56	1
57	1
58	10
59	3
60	12
61	4
62	6
63	2
64	18
65	1
66	1
67	3
68	6
69	12
70	4
71	12
72	4
73	5
74	8
75	9
76	1
77	1
78	1
79	1
80	2
81	1
82	2
83	4
84	2
85	1
86	1
87	2
88	1
89	11
90	1
91	1
92	1
93	6
94	1
95	10
96	1
97	6
98	2
99	3
100	2
101	1
102	5
103	2
104	1
105	18
106	1
107	2
108	1
109	3
110	1
111	2
112	1
113	3
114	2
115	1
116	6
117	1
118	1
119	8
120	4
121	1
122	1
123	1
124	1
125	3
126	7
127	7
128	1
129	8
130	2
131	1
132	1
133	2
134	1
135	34
136	1
137	1
138	4
139	4
140	1
141	2
142	2
143	1
144	1
145	2
146	2
147	5
148	11
149	3
150	1
151	1
152	4
153	18
154	1
155	1
156	1
157	1
158	1
159	9
160	1
161	1
162	2
163	3
164	2
165	1
166	2
167	2
168	1
169	2
170	3
171	10
172	1
173	1
174	1
175	9
176	1
177	2
178	1
179	1
180	3
181	1
182	1
183	6
184	1
185	1
186	7
187	1
188	2
189	3
190	1
191	6
192	1
193	24
194	2
195	2
196	1
197	1
198	6
199	1
200	1
201	1
202	2
203	1
204	1
205	2
206	7
207	1
208	2
209	1
210	1
211	4
212	4
213	2
214	17
215	3
216	5
217	1
218	2
219	16
220	1
221	1
222	2
223	1
224	1
225	1
226	1
227	1
228	1
229	2
230	3
231	1
232	1
233	1
234	1
235	2
236	1
237	1
238	1
239	1
240	1
241	1
242	1
243	1
244	1
245	2
246	1
247	1
248	9
249	9
250	9
251	27
252	24
253	9
254	26
255	44
256	9
257	9
258	9
259	17
260	9
261	15
262	9
263	15
264	30
265	17
266	9
267	53
268	9
269	9
270	28
271	9
272	23
273	16
274	16
275	10
276	16
277	9
278	15
279	9
280	9
281	9
282	9
283	36
284	9
285	9
286	9
287	18
288	9
289	9
290	9
291	9
292	9
293	9
294	24
295	9
296	9
297	9
298	9
299	16
300	16
301	11
302	15
303	27
304	9
305	9
306	9
307	10
308	9
309	9
310	10
311	9
312	19
313	13
314	9
315	17
316	10
317	9
318	10
319	9
320	10
321	8
322	8
323	8
324	8
325	8
326	8
327	9
328	8
329	8
330	16
331	8
332	8
333	14
334	8
335	8
336	13
337	8
338	8
339	15
340	8
341	8
342	8
343	8
344	12
345	18
346	8
347	29
348	8
349	24
350	8
351	8
352	16
353	8
354	14
355	9
356	8
357	8
358	8
359	10
360	8
361	8
362	8
363	8
364	8
365	8
366	8
367	8
368	8
369	8
370	8
371	8
372	8
373	10
374	9
375	8
376	8
377	8
378	16
379	23
380	8
381	9
382	8
383	8
384	8
385	8
386	8
387	8
388	30
389	8
390	8
391	8
392	8
393	8
394	8
395	8
396	13
397	9
398	8
399	7
400	7
401	7
402	7
403	14
404	7
405	7
406	22
407	9
408	7
409	28
410	35
411	7
412	8
413	8
414	8
415	10
416	13
417	7
418	7
419	7
420	7
421	7
422	8
423	7
424	7
425	7
426	7
427	7
428	8
429	7
430	7
431	7
432	7
433	7
434	14
435	7
436	7
437	7
438	7
439	13
440	7
441	7
442	7
443	7
444	7
445	8
446	8
447	7
448	7
449	14
450	7
451	7
452	7
453	7
454	20
455	8
456	7
457	7
458	8
459	7
460	7
461	7
462	7
463	7
464	7
465	7
466	7
467	6
468	6
469	6
470	6
471	6
472	6
473	6
474	6
475	6
476	6
477	6
478	7
479	6
480	6
481	6
482	5
483	7
484	5
485	5
486	5
487	6
488	6
489	7
490	6
491	6
492	6
493	12
494	12
495	12
496	8
497	6
498	7
499	6
500	6
501	6
502	6
503	10
504	6
505	8
506	6
507	8
508	6
509	11
510	6
511	6
512	7
513	6
514	6
515	6
516	6
517	6
518	6
519	6
520	6
521	6
522	6
523	6
524	7
525	6
526	6
527	6
528	6
529	6
530	6
531	6
532	6
533	6
534	6
535	6
536	6
537	6
538	6
539	6
540	6
541	6
542	6
543	9
544	5
545	5
546	16
547	5
548	9
549	5
550	5
551	5
552	5
553	5
554	5
555	10
556	10
557	10
558	10
559	10
560	10
561	5
562	10
563	15
564	5
565	5
566	5
567	5
568	15
569	5
570	5
571	5
572	5
573	10
574	5
575	5
576	6
577	5
578	5
579	5
580	7
581	5
582	5
583	5
584	24
585	5
586	19
587	9
588	5
589	5
590	9
591	5
592	5
593	10
594	5
595	5
596	15
597	15
598	6
599	5
600	5
601	10
602	10
603	10
604	6
605	6
606	5
607	5
608	6
609	5
610	5
611	5
612	5
613	5
614	5
615	6
616	5
617	5
618	5
619	10
620	10
621	14
622	10
623	10
624	10
625	5
626	5
627	5
628	9
629	5
630	5
631	5
632	5
633	5
634	11
635	7
636	10
637	7
638	6
639	5
640	5
641	5
642	5
643	5
644	5
645	23
646	10
647	10
648	5
649	5
650	5
651	5
652	5
653	5
654	5
655	5
656	5
657	5
658	5
659	5
660	5
661	21
662	13
663	11
664	5
665	5
666	5
667	5
668	5
669	5
670	5
671	5
672	5
673	5
674	8
675	5
676	13
677	8
678	5
679	5
680	5
681	5
682	5
683	8
684	6
685	15
686	6
687	6
688	5
689	5
690	5
691	9
692	5
693	7
694	9
695	5
696	5
697	5
698	5
699	5
700	9
701	13
702	5
703	5
704	6
705	10
706	15
707	5
708	5
709	5
710	5
711	5
712	5
713	6
714	5
715	5
716	5
717	5
718	4
719	5
720	4
721	4
722	4
723	4
724	4
725	6
726	9
727	5
728	5
729	6
730	5
731	5
732	5
733	5
734	6
735	5
736	7
737	13
738	5
739	9
740	22
741	5
742	5
743	5
744	5
745	5
746	5
747	5
748	5
749	5
750	5
751	5
752	5
753	5
754	5
755	5
756	6
757	5
758	5
759	5
760	5
761	5
762	5
763	5
764	5
765	5
766	5
767	5
768	5
769	5
770	5
771	5
772	5
773	5
774	5
775	5
776	5
777	5
778	8
779	5
780	5
781	4
782	4
783	4
784	4
785	4
786	6
787	4
788	4
789	4
790	4
791	4
792	4
793	14
794	12
795	8
796	8
797	4
798	4
799	4
800	4
801	9
802	4
803	4
804	4
805	9
806	4
807	8
808	4
809	12
810	4
811	4
812	5
813	4
814	8
815	12
816	4
817	4
818	11
819	6
820	5
821	5
822	4
823	8
824	7
825	4
826	15
827	4
828	8
829	4
830	4
831	4
832	6
833	4
834	4
835	12
836	8
837	33
838	4
839	4
840	8
841	11
842	4
843	4
844	16
845	4
846	4
847	9
848	4
849	11
850	4
851	4
852	4
853	4
854	4
855	8
856	12
857	4
858	6
859	4
860	9
861	11
862	4
863	4
864	8
865	17
866	4
867	4
868	6
869	4
870	4
871	4
872	14
873	4
874	4
875	4
876	4
877	4
878	4
879	4
880	4
881	12
882	4
883	5
884	4
885	5
886	4
887	4
888	4
889	5
890	5
891	5
892	5
893	5
894	4
895	4
896	5
897	4
898	4
899	4
900	4
901	6
902	8
903	8
904	9
905	4
906	8
907	4
908	6
909	4
910	5
911	4
912	4
913	4
914	4
915	4
916	4
917	6
918	4
919	4
920	4
921	4
922	4
923	4
924	8
925	4
926	4
927	4
928	4
929	4
930	4
931	4
932	4
933	4
934	34
935	4
936	4
937	4
938	4
939	4
940	4
941	4
942	4
943	4
944	4
945	4
946	4
947	4
948	22
949	4
950	4
951	4
952	4
953	4
954	4
955	4
956	20
957	12
958	5
959	14
960	4
961	4
962	4
963	4
964	4
965	4
966	4
967	4
968	4
969	4
970	4
971	6
972	4
973	6
974	6
975	4
976	8
977	4
978	4
979	7
980	4
981	4
982	4
983	4
984	4
985	4
986	4
987	4
988	4
989	4
990	4
991	4
992	4
993	7
994	7
995	7
996	5
997	4
998	4
999	4
1000	4
1001	4
1002	5
1003	5
1004	5
1005	5
1006	4
1007	4
1008	4
1009	4
1010	4
1011	4
1012	4
1013	6
1014	4
1015	8
1016	4
1017	4
1018	4
1019	4
1020	4
1021	3
1022	3
1023	3
1024	6
1025	6
1026	12
1027	6
1028	3
1029	3
1030	3
1031	5
1032	3
1033	4
1034	3
1035	7
1036	6
1037	5
1038	3
1039	3
1040	3
1041	3
1042	3
1043	3
1044	3
1045	3
1046	3
1047	3
1048	3
1049	5
1050	12
1051	9
1052	9
1053	3
1054	4
1055	3
1056	3
1057	3
1058	6
1059	3
1060	3
1061	3
1062	3
1063	3
1064	3
1065	3
1066	3
1067	9
1068	6
1069	7
1070	8
1071	6
1072	6
1073	3
1074	3
1075	6
1076	3
1077	3
1078	3
1079	3
1080	3
1081	3
1082	3
1083	4
1084	3
1085	3
1086	3
1087	6
1088	3
1089	3
1090	4
1091	5
1092	3
1093	3
1094	4
1095	4
1096	3
1097	3
1098	7
1099	7
1100	5
1101	3
1102	3
1103	83
1104	10
1105	2
1106	2
1107	21
1108	8
1109	2
1110	2
1111	2
1112	6
1113	4
1114	2
1115	2
1116	6
1117	14
1118	20
1119	20
1120	16
1121	6
1122	4
1123	6
1124	4
1125	4
1126	3
1127	2
1128	3
1129	4
1130	10
1131	8
1132	2
1133	2
1134	2
1135	2
1136	8
1137	5
1138	2
1139	7
1140	2
1141	4
1142	4
1143	3
1144	3
1145	2
1146	2
1147	3
1148	4
1149	2
1150	4
1151	2
1152	2
1153	3
1154	2
1155	4
1156	4
1157	16
1158	2
1159	2
1160	6
1161	4
1162	8
1163	2
1164	2
1165	4
1166	2
1167	2
1168	2
1169	3
1170	8
1171	2
1172	2
1173	4
1174	6
1175	2
1176	2
1177	2
1178	2
1179	3
1180	2
1181	2
1182	2
1183	6
1184	4
1185	4
1186	4
1187	2
1188	2
1189	6
1190	2
1191	2
1192	3
1193	3
1194	6
1195	6
1196	2
1197	2
1198	4
1199	2
1200	4
1201	2
1202	2
1203	4
1204	4
1205	3
1206	4
1207	6
1208	2
1209	12
1210	12
1211	4
1212	2
1213	4
1214	2
1215	2
1216	2
1217	2
1218	6
1219	2
1220	2
1221	2
1222	2
1223	2
1224	4
1225	2
1226	2
1227	2
1228	2
1229	2
1230	4
1231	2
1232	2
1233	2
1234	2
1235	4
1236	2
1237	2
1238	2
1239	2
1240	2
1241	2
1242	2
1243	2
1244	2
1245	2
1246	3
1247	2
1248	2
1249	2
1250	2
1251	2
1252	2
1253	2
1254	2
1255	2
1256	6
1257	4
1258	4
1259	5
1260	6
1261	4
1262	6
1263	4
1264	4
1265	2
1266	4
1267	2
1268	6
1269	2
1270	3
1271	2
1272	3
1273	2
1274	2
1275	2
1276	2
1277	5
1278	4
1279	2
1280	2
1281	3
1282	6
1283	3
1284	2
1285	3
1286	2
1287	2
1288	2
1289	2
1290	2
1291	2
1292	2
1293	4
1294	2
1295	2
1296	2
1297	2
1298	2
1299	2
1300	2
1301	2
1302	2
1303	2
1304	2
1305	3
1306	2
1307	2
1308	2
1309	3
1310	2
1311	3
1312	2
1313	2
1314	2
1315	2
1316	3
1317	2
1318	2
1319	1
1320	3
1321	1
1322	1
1323	1
1324	2
1325	2
1326	2
1327	3
1328	2
1329	2
1330	2
1331	2
1332	3
1333	2
1334	2
1335	2
1336	2
1337	2
1338	2
1339	2
1340	2
1341	4
1342	3
1343	2
1344	2
1345	2
1346	2
1347	2
1348	2
1349	2
1350	1
1351	1
1352	1
1353	3
1354	2
1355	1
1356	1
1357	2
1358	1
1359	2
1360	2
1361	1
1362	2
1363	1
1364	1
1365	1
1366	1
1367	1
1368	1
1369	3
1370	6
1371	6
1372	1
1373	3
1374	2
1375	1
1376	1
1377	1
1378	14
1379	1
1380	9
1381	9
1382	9
1383	1
1384	1
1385	1
1386	4
1387	1
1388	1
1389	2
1390	1
1391	1
1392	1
1393	1
1394	7
1395	1
1396	1
1397	5
1398	1
1399	1
1400	1
1401	2
1402	1
1403	1
1404	1
1405	1
1406	1
1407	1
1408	2
1409	4
1410	3
1411	2
1412	3
1413	2
1414	1
1415	1
1416	1
1417	1
1418	1
1419	1
1420	1
1421	2
1422	2
1423	1
1424	2
1425	1
1426	1
1427	1
1428	1
1429	1
1430	1
1431	1
1432	1
1433	1
1434	1
1435	1
1436	1
1437	3
1438	1
1439	3
1440	1
1441	1
1442	1
1443	1
1444	1
1445	1
1446	1
1447	3
1448	3
1449	2
1450	1
1451	2
1452	1
1453	1
1454	1
1455	1
1456	1
1457	1
1458	1
1459	2
1460	1
1461	1
1462	2
1463	1
1464	1
1465	2
1466	3
1467	1
1468	1
1469	1
1470	2
1471	1
1472	1
1473	2
1474	1
1475	1
1476	1
1477	1
1478	1
1479	1
1480	3
1481	1
1482	1
1483	1
1484	4
1485	11
1486	3
1487	2
1488	1
1489	4
1490	1
1491	1
1492	1
1493	1
1494	1
1495	1
1496	1
1497	1
1498	1
1499	1
1500	2
1501	1
1502	1
1503	2
1504	1
1505	1
1506	2
1507	1
1508	1
1509	1
1510	1
1511	3
1512	2
1513	1
1514	1
1515	1
1516	1
1517	1
1518	1
1519	2
1520	3
1521	1
1522	1
1523	1
1524	1
1525	1
1526	1
1527	1
1528	1
1529	1
1530	1
1531	1
1532	1
1533	1
1534	1
1535	1
1536	1
1537	2
1538	1
1539	1
1540	1
1541	2
1542	1
1543	1
1544	1
1545	1
1546	1
1547	1
1548	1
1549	1
1550	1
1551	2
1552	1
1553	4
1554	2
1555	2
1556	3
1557	1
1558	1
1559	1
1560	1
1561	1
1562	2
1563	1
1564	1
1565	1
1566	2
1567	1
1568	1
1569	1
1570	1
1571	1
1572	1
1573	1
1574	1
1575	1
1576	1
1577	2
1578	2
1579	2
1580	2
1581	2
1582	2
1583	2
1584	1
1585	1
1586	1
1587	1
1588	1
1589	1
1590	1
1591	2
1592	2
1593	2
1594	2
1595	2
1596	2
1597	2
1598	8
1599	2
1600	2
1601	2
1602	1
1603	1
1604	1
1605	1
1606	1
1607	1
1608	1
1609	1
1610	1
1611	1
1612	1
1613	2
1614	1
1615	1
1616	1
1617	1
1618	1
1619	3
1620	1
1621	1
1622	1
1623	1
1624	1
1625	1
1626	1
1627	2
1628	1
1629	1
1630	1
1631	1
1632	1
1633	1
1634	1
1635	1
1636	2
1637	1
1638	2
1639	1
1640	1
1641	1
1642	1
1643	1
1644	2
1645	1
1646	1
1647	1
1648	1
1649	1
1650	1
1651	1
1652	1
1653	1
1654	1
1655	1
1656	1
1657	1
1658	1
1659	1
1660	1
1661	1
1662	2
1663	1
1664	1
1665	1
1666	1
1667	1
1668	1
1669	1
1670	1
1671	1
1672	1
1673	1
1674	2
1675	3
1676	3
1677	1
1678	1
1679	1
1680	1
1681	2
1682	2
1683	2
1684	3
1685	2
1686	1
1687	1
1688	1
1689	1
1690	1
1691	1
1692	1
1693	1
1694	1
1695	2
1696	1
1697	2
1698	1
1699	2
1700	2
1701	1
1702	1
1703	1
1704	2
1705	2
1706	1
1707	1
1708	1
1709	1
1710	1
1711	1
1712	1
1713	1
1714	2
1715	1
1716	1
1717	1
1718	1
1719	1
1720	1
1721	1
1722	1
1723	1
1724	1
1725	2
1726	1
1727	1
1728	1
1729	1
1730	1
1731	1
1732	1
1733	4
1734	1
1735	1
1736	1
1737	1
1738	1
1739	1
1740	1
1741	1
1742	1
1743	1
1744	1
1745	1
1746	3
1747	1
1748	1
1749	1
1750	1
1751	1
1752	5
1753	1
1754	1
1755	1
1756	1
1757	1
1758	8
1759	1
1760	1
1761	1
1762	4
1763	1
1764	1
1765	1
1766	1
1767	1
1768	4
1769	1
1770	1
1771	1
1772	1
1773	1
1774	1
1775	2
1776	1
1777	1
1778	1
1779	1
1780	1
1781	1
1782	1
1783	1
1784	1
1785	1
1786	4
1787	2
1788	1
1789	1
1790	1
1791	1
1792	1
1793	1
1794	1
1795	1
1796	1
1797	1
1798	1
1799	1
1800	1
1801	1
1802	1
1803	1
1804	1
1805	1
1806	1
1807	1
1808	1
1809	1
1810	1
1811	1
1812	1
1813	1
1814	1
1815	1
1816	1
1817	1
1818	1
1819	1
1820	1
1821	1
1822	1
1823	1
1824	4
1825	1
1826	1
1827	1
1828	1
1829	1
1830	1
1831	1
1832	1
1833	1
1834	1
1835	1
1836	1
1837	1
1838	2
1839	1
1840	1
1841	1
1842	3
1843	1
1844	1
1845	1
1846	1
1847	1
1848	1
1849	1
1850	1
1851	1
1852	1
1853	1
1854	1
1855	1
1856	1
1857	1
1858	4
1859	1
1860	1
1861	1
1862	1
1863	3
1864	2
1865	1
1866	1
1867	1
1868	1
1869	1
1870	1
1871	1
1872	1
1873	1
1874	13
1875	1
1876	16
1877	1
1878	7
1879	3
1880	3
1881	3
1882	3
1883	9
1884	1
1885	1
1886	1
1887	1
1888	1
1889	18
1890	1
1891	4
1892	1
1893	4
1894	1
1895	3
1896	2
1897	1
1898	1
1899	15
1900	3
1901	1
1902	1
1903	1
1904	2
1905	2
1906	1
1907	1
1908	1
1909	1
1910	1
1911	2
1912	6
1913	2
1914	1
1915	1
1916	1
1917	2
1918	1
1919	1
1920	1
1921	1
1922	1
1923	1
1924	1
1925	1
1926	1
1927	1
1928	1
1929	1
1930	7
1931	2
1932	7
1933	1
1934	4
1935	2
1936	4
1937	1
1938	1
1939	1
1940	2
1941	1
1942	1
1943	1
1944	1
1945	1
1946	1
1947	1
1948	1
1949	5
1950	2
1951	1
1952	1
1953	5
1954	1
1955	2
1956	1
1957	1
1958	1
1959	1
1960	1
1961	1
1962	1
1963	1
1964	1
1965	1
1966	2
1967	1
1968	1
1969	1
1970	1
1971	1
1972	1
1973	2
1974	1
1975	1
1976	1
1977	1
1978	1
1979	1
1980	2
1981	1
1982	1
1983	1
1984	1
1985	1
1986	1
1987	1
1988	1
1989	1
1990	1
1991	1
1992	2
1993	3
1994	3
1995	1
1996	2
1997	3
1998	3
1999	1
2000	1
2001	1
2002	1
2003	1
2004	1
2005	1
2006	1
2007	1
2008	1
2009	1
2010	1
2011	1
2012	1
2013	1
2014	1
2015	1
2016	1
2017	1
2018	1
2019	1
2020	1
2021	7
2022	1
2023	4
2024	1
2025	7
2026	7
2027	6
2028	1
2029	1
2030	1
2031	1
2032	2
2033	4
2034	1
2035	1
2036	1
2037	2
2038	1
2039	1
2040	1
2041	1
2042	2
2043	2
2044	1
2045	1
2046	1
2047	1
2048	1
2049	1
2050	1
2051	1
2052	1
2053	3
2054	1
2055	4
2056	1
2057	1
2058	1
2059	2
2060	1
2061	1
2062	1
2063	1
2064	1
2065	1
2066	1
2067	1
2068	1
2069	2
2070	1
2071	1
2072	1
2073	1
2074	1
2075	1
2076	1
2077	1
2078	1
2079	1
2080	1
2081	3
2082	1
2083	1
2084	1
2085	1
2086	1
2087	1
2088	1
2089	1
2090	1
2091	1
2092	1
2093	1
2094	1
2095	1
2096	1
2097	2
2098	1
2099	1
2100	1
2101	1
2102	1
2103	2
2104	1
2105	1
2106	1
2107	1
2108	1
2109	1
2110	2
2111	1
2112	2
2113	1
2114	1
2115	1
2116	1
2117	2
2118	1
2119	2
2120	1
2121	1
2122	2
2123	1
2124	1
2125	2
2126	1
2127	1
2128	1
2129	1
2130	1
2131	1
2132	1
2133	1
2134	1
2135	1
2136	1
2137	1
2138	1
2139	1
2140	1
2141	1
2142	1
2143	1
2144	1
2145	1
2146	2
2147	1
2148	1
2149	3
2150	1
2151	1
2152	3
2153	1
2154	1
2155	1
2156	1
2157	1
2158	1
2159	1
2160	1
2161	1
2162	1
2163	2
2164	1
2165	1
2166	1
2167	1
2168	1
2169	1
2170	1
2171	1
2172	1
2173	2
2174	1
2175	1
2176	1
2177	2
2178	1
2179	1
2180	1
2181	1
2182	1
2183	1
2184	1
2185	1
2186	1
2187	1
2188	1
2189	2
2190	1
2191	1
2192	2
2193	1
2194	1
2195	1
2196	1
2197	1
2198	1
2199	1
2200	1
2201	1
2202	1
2203	2
2204	1
2205	1
2206	2
2207	2
2208	2
2209	1
2210	1
2211	1
2212	2
2213	1
2214	1
2215	1
2216	1
2217	2
2218	3
2219	1
2220	1
2221	4
2222	3
2223	2
2224	1
2225	1
2226	2
2227	2
2228	1
2229	1
2230	1
2231	1
2232	1
2233	1
2234	1
2235	2
2236	1
2237	1
2238	1
2239	2
2240	1
2241	1
2242	1
2243	2
2244	1
2245	2
2246	1
2247	1
2248	1
2249	1
2250	1
2251	1
2252	1
2253	1
2254	3
2255	2
2256	1
2257	1
2258	3
2259	1
2260	1
2261	1
2262	1
2263	1
2264	1
2265	2
2266	1
2267	1
2268	4
2269	1
2270	2
2271	1
2272	4
2273	4
2274	4
2275	1
2276	1
2277	1
2278	1
2279	1
2280	1
2281	1
2282	1
2283	1
2284	1
2285	1
2286	1
2287	2
2288	1
2289	1
2290	1
2291	1
2292	1
2293	1
2294	1
2295	1
2296	1
2297	1
2298	1
2299	1
2300	1
2301	1
2302	1
2303	1
2304	1
2305	1
2306	1
2307	1
2308	1
2309	1
2310	1
2311	1
2312	1
2313	1
2314	1
2315	1
2316	2
2317	1
2318	1
2319	1
2320	2
2321	1
2322	1
2323	1
2324	1
2325	1
2326	1
2327	1
2328	1
2329	1
2330	1
2331	1
2332	1
2333	1
2334	1
2335	1
2336	1
2337	1
2338	1
2339	1
2340	1
2341	1
2342	1
2343	1
2344	1
2345	1
2346	1
2347	1
2348	1
2349	1
2350	1
2351	1
2352	1
2353	2
2354	1
2355	1
2356	2
2357	1
2358	1
2359	1
2360	1
2361	1
2362	1
2363	1
2364	1
2365	1
2366	1
2367	1
2368	1
2369	2
2370	1
2371	1
2372	1
2373	1
2374	1
2375	1
2376	1
2377	1
2378	1
2379	1
2380	1
2381	1
2382	1
2383	1
2384	1
2385	1
2386	3
2387	3
2388	1
2389	1
2390	1
2391	1
2392	1
2393	1
2394	1
2395	2
2396	1
2397	1
2398	1
2399	1
2400	1
2401	1
2402	1
2403	1
