0	5.63693016767
1	6.14775579143
2	5.86007371898
3	6.14775579143
4	6.14775579143
5	6.14775579143
6	6.55322089954
7	6.55322089954
8	2.87692022764
9	6.55322089954
10	3.84517069844
11	6.55322089954
12	6.55322089954
13	6.55322089954
14	6.55322089954
15	6.55322089954
16	6.55322089954
17	4.25063580655
18	4.68141872264
19	6.55322089954
20	6.55322089954
21	5.04914350277
22	3.84517069844
23	4.76146143031
24	4.06831424975
25	3.98827154208
26	6.55322089954
27	6.55322089954
28	6.14775579143
29	6.55322089954
30	5.86007371898
31	6.55322089954
32	3.58280643397
33	6.55322089954
34	6.55322089954
35	6.14775579143
36	6.55322089954
37	5.30045793105
38	6.55322089954
39	5.86007371898
40	6.55322089954
41	6.14775579143
42	5.04914350277
43	5.30045793105
44	5.30045793105
45	5.45460861087
46	5.86007371898
47	4.94378298711
48	6.55322089954
49	6.55322089954
50	5.63693016767
51	6.55322089954
52	6.55322089954
53	5.86007371898
54	4.41315473605
55	6.55322089954
56	6.55322089954
57	6.55322089954
58	4.8484728073
59	5.86007371898
60	4.68141872264
61	5.63693016767
62	5.30045793105
63	6.14775579143
64	4.30192910094
65	6.55322089954
66	6.55322089954
67	5.86007371898
68	5.30045793105
69	4.68141872264
70	5.63693016767
71	4.68141872264
72	5.63693016767
73	5.45460861087
74	5.04914350277
75	4.94378298711
76	6.55322089954
77	6.55322089954
78	6.55322089954
79	6.55322089954
80	6.14775579143
81	6.55322089954
82	6.14775579143
83	5.63693016767
84	6.14775579143
85	6.55322089954
86	6.55322089954
87	6.14775579143
88	6.55322089954
89	4.76146143031
90	6.55322089954
91	6.55322089954
92	6.55322089954
93	5.30045793105
94	6.55322089954
95	4.8484728073
96	6.55322089954
97	5.30045793105
98	6.14775579143
99	5.86007371898
100	6.14775579143
101	6.55322089954
102	5.45460861087
103	6.14775579143
104	6.55322089954
105	4.30192910094
106	6.55322089954
107	6.14775579143
108	6.55322089954
109	5.86007371898
110	6.55322089954
111	6.14775579143
112	6.55322089954
113	5.86007371898
114	6.14775579143
115	6.55322089954
116	5.30045793105
117	6.55322089954
118	6.55322089954
119	5.04914350277
120	5.63693016767
121	6.55322089954
122	6.55322089954
123	6.55322089954
124	6.55322089954
125	5.86007371898
126	5.16692653842
127	5.16692653842
128	6.55322089954
129	5.04914350277
130	6.14775579143
131	6.55322089954
132	6.55322089954
133	6.14775579143
134	6.55322089954
135	3.69102001861
136	6.55322089954
137	6.55322089954
138	5.63693016767
139	5.63693016767
140	6.55322089954
141	6.14775579143
142	6.14775579143
143	6.55322089954
144	6.55322089954
145	6.14775579143
146	6.14775579143
147	5.45460861087
148	4.76146143031
149	5.86007371898
150	6.55322089954
151	6.55322089954
152	5.63693016767
153	4.30192910094
154	6.55322089954
155	6.55322089954
156	6.55322089954
157	6.55322089954
158	6.55322089954
159	4.94378298711
160	6.55322089954
161	6.55322089954
162	6.14775579143
163	5.86007371898
164	6.14775579143
165	6.55322089954
166	6.14775579143
167	6.14775579143
168	6.55322089954
169	6.14775579143
170	5.86007371898
171	4.8484728073
172	6.55322089954
173	6.55322089954
174	6.55322089954
175	4.94378298711
176	6.55322089954
177	6.14775579143
178	6.55322089954
179	6.55322089954
180	5.86007371898
181	6.55322089954
182	6.55322089954
183	5.30045793105
184	6.55322089954
185	6.55322089954
186	5.16692653842
187	6.55322089954
188	6.14775579143
189	5.86007371898
190	6.55322089954
191	5.30045793105
192	6.55322089954
193	4.02749225523
194	6.14775579143
195	6.14775579143
196	6.55322089954
197	6.55322089954
198	5.30045793105
199	6.55322089954
200	6.55322089954
201	6.55322089954
202	6.14775579143
203	6.55322089954
204	6.55322089954
205	6.14775579143
206	5.16692653842
207	6.55322089954
208	6.14775579143
209	6.55322089954
210	6.55322089954
211	5.63693016767
212	5.63693016767
213	6.14775579143
214	4.35599632221
215	5.86007371898
216	5.45460861087
217	6.55322089954
218	6.14775579143
219	4.41315473605
220	6.55322089954
221	6.55322089954
222	6.14775579143
223	6.55322089954
224	6.55322089954
225	6.55322089954
226	6.55322089954
227	6.55322089954
228	6.55322089954
229	6.14775579143
230	5.86007371898
231	6.55322089954
232	6.55322089954
233	6.55322089954
234	6.55322089954
235	6.14775579143
236	6.55322089954
237	6.55322089954
238	6.55322089954
239	6.55322089954
240	6.55322089954
241	6.55322089954
242	6.55322089954
243	6.55322089954
244	6.55322089954
245	6.14775579143
246	6.55322089954
247	6.55322089954
248	4.94378298711
249	4.94378298711
250	4.94378298711
251	3.91416356993
252	4.02749225523
253	4.94378298711
254	3.9505312141
255	3.43970559033
256	4.94378298711
257	4.94378298711
258	4.94378298711
259	4.35599632221
260	4.94378298711
261	4.47377935786
262	4.94378298711
263	4.47377935786
264	3.81238087562
265	4.35599632221
266	4.94378298711
267	3.25738403354
268	4.94378298711
269	4.94378298711
270	3.87907225012
271	4.94378298711
272	4.06831424975
273	4.41315473605
274	4.41315473605
275	4.8484728073
276	4.41315473605
277	4.94378298711
278	4.47377935786
279	4.94378298711
280	4.94378298711
281	4.94378298711
282	4.94378298711
283	3.63545016746
284	4.94378298711
285	4.94378298711
286	4.94378298711
287	4.30192910094
288	4.94378298711
289	4.94378298711
290	4.94378298711
291	4.94378298711
292	4.94378298711
293	4.94378298711
294	4.02749225523
295	4.94378298711
296	4.94378298711
297	4.94378298711
298	4.94378298711
299	4.41315473605
300	4.41315473605
301	4.76146143031
302	4.47377935786
303	3.91416356993
304	4.94378298711
305	4.94378298711
306	4.94378298711
307	4.8484728073
308	4.94378298711
309	4.94378298711
310	4.8484728073
311	4.94378298711
312	4.25063580655
313	4.60731075049
314	4.94378298711
315	4.35599632221
316	4.8484728073
317	4.94378298711
318	4.8484728073
319	4.94378298711
320	4.8484728073
321	5.04914350277
322	5.04914350277
323	5.04914350277
324	5.04914350277
325	5.04914350277
326	5.04914350277
327	4.94378298711
328	5.04914350277
329	5.04914350277
330	4.41315473605
331	5.04914350277
332	5.04914350277
333	4.538317879
334	5.04914350277
335	5.04914350277
336	4.60731075049
337	5.04914350277
338	5.04914350277
339	4.47377935786
340	5.04914350277
341	5.04914350277
342	5.04914350277
343	5.04914350277
344	4.68141872264
345	4.30192910094
346	5.04914350277
347	3.84517069844
348	5.04914350277
349	4.02749225523
350	5.04914350277
351	5.04914350277
352	4.41315473605
353	5.04914350277
354	4.538317879
355	4.94378298711
356	5.04914350277
357	5.04914350277
358	5.04914350277
359	4.8484728073
360	5.04914350277
361	5.04914350277
362	5.04914350277
363	5.04914350277
364	5.04914350277
365	5.04914350277
366	5.04914350277
367	5.04914350277
368	5.04914350277
369	5.04914350277
370	5.04914350277
371	5.04914350277
372	5.04914350277
373	4.8484728073
374	4.94378298711
375	5.04914350277
376	5.04914350277
377	5.04914350277
378	4.41315473605
379	4.06831424975
380	5.04914350277
381	4.94378298711
382	5.04914350277
383	5.04914350277
384	5.04914350277
385	5.04914350277
386	5.04914350277
387	5.04914350277
388	3.81238087562
389	5.04914350277
390	5.04914350277
391	5.04914350277
392	5.04914350277
393	5.04914350277
394	5.04914350277
395	5.04914350277
396	4.60731075049
397	4.94378298711
398	5.04914350277
399	5.16692653842
400	5.16692653842
401	5.16692653842
402	5.16692653842
403	4.538317879
404	5.16692653842
405	5.16692653842
406	4.11087386417
407	4.94378298711
408	5.16692653842
409	3.87907225012
410	3.66284914165
411	5.16692653842
412	5.04914350277
413	5.04914350277
414	5.04914350277
415	4.8484728073
416	4.60731075049
417	5.16692653842
418	5.16692653842
419	5.16692653842
420	5.16692653842
421	5.16692653842
422	5.04914350277
423	5.16692653842
424	5.16692653842
425	5.16692653842
426	5.16692653842
427	5.16692653842
428	5.04914350277
429	5.16692653842
430	5.16692653842
431	5.16692653842
432	5.16692653842
433	5.16692653842
434	4.538317879
435	5.16692653842
436	5.16692653842
437	5.16692653842
438	5.16692653842
439	4.60731075049
440	5.16692653842
441	5.16692653842
442	5.16692653842
443	5.16692653842
444	5.16692653842
445	5.04914350277
446	5.04914350277
447	5.16692653842
448	5.16692653842
449	4.538317879
450	5.16692653842
451	5.16692653842
452	5.16692653842
453	5.16692653842
454	4.20184564238
455	5.04914350277
456	5.16692653842
457	5.16692653842
458	5.04914350277
459	5.16692653842
460	5.16692653842
461	5.16692653842
462	5.16692653842
463	5.16692653842
464	5.16692653842
465	5.16692653842
466	5.16692653842
467	5.30045793105
468	5.30045793105
469	5.30045793105
470	5.30045793105
471	5.30045793105
472	5.30045793105
473	5.30045793105
474	5.30045793105
475	5.30045793105
476	5.30045793105
477	5.30045793105
478	5.16692653842
479	5.30045793105
480	5.30045793105
481	5.30045793105
482	5.45460861087
483	5.16692653842
484	5.45460861087
485	5.45460861087
486	5.45460861087
487	5.30045793105
488	5.30045793105
489	5.16692653842
490	5.30045793105
491	5.30045793105
492	5.30045793105
493	4.68141872264
494	4.68141872264
495	4.68141872264
496	5.04914350277
497	5.30045793105
498	5.16692653842
499	5.30045793105
500	5.30045793105
501	5.30045793105
502	5.30045793105
503	4.8484728073
504	5.30045793105
505	5.04914350277
506	5.30045793105
507	5.04914350277
508	5.30045793105
509	4.76146143031
510	5.30045793105
511	5.30045793105
512	5.16692653842
513	5.30045793105
514	5.30045793105
515	5.30045793105
516	5.30045793105
517	5.30045793105
518	5.30045793105
519	5.30045793105
520	5.30045793105
521	5.30045793105
522	5.30045793105
523	5.30045793105
524	5.16692653842
525	5.30045793105
526	5.30045793105
527	5.30045793105
528	5.30045793105
529	5.30045793105
530	5.30045793105
531	5.30045793105
532	5.30045793105
533	5.30045793105
534	5.30045793105
535	5.30045793105
536	5.30045793105
537	5.30045793105
538	5.30045793105
539	5.30045793105
540	5.30045793105
541	5.30045793105
542	5.30045793105
543	4.94378298711
544	5.45460861087
545	5.45460861087
546	4.41315473605
547	5.45460861087
548	4.94378298711
549	5.45460861087
550	5.45460861087
551	5.45460861087
552	5.45460861087
553	5.45460861087
554	5.45460861087
555	4.8484728073
556	4.8484728073
557	4.8484728073
558	4.8484728073
559	4.8484728073
560	4.8484728073
561	5.45460861087
562	4.8484728073
563	4.47377935786
564	5.45460861087
565	5.45460861087
566	5.45460861087
567	5.45460861087
568	4.47377935786
569	5.45460861087
570	5.45460861087
571	5.45460861087
572	5.45460861087
573	4.8484728073
574	5.45460861087
575	5.45460861087
576	5.30045793105
577	5.45460861087
578	5.45460861087
579	5.45460861087
580	5.16692653842
581	5.45460861087
582	5.45460861087
583	5.45460861087
584	4.02749225523
585	5.45460861087
586	4.25063580655
587	4.94378298711
588	5.45460861087
589	5.45460861087
590	4.94378298711
591	5.45460861087
592	5.45460861087
593	4.8484728073
594	5.45460861087
595	5.45460861087
596	4.47377935786
597	4.47377935786
598	5.30045793105
599	5.45460861087
600	5.45460861087
601	4.8484728073
602	4.8484728073
603	4.8484728073
604	5.30045793105
605	5.30045793105
606	5.45460861087
607	5.45460861087
608	5.30045793105
609	5.45460861087
610	5.45460861087
611	5.45460861087
612	5.45460861087
613	5.45460861087
614	5.45460861087
615	5.30045793105
616	5.45460861087
617	5.45460861087
618	5.45460861087
619	4.8484728073
620	4.8484728073
621	4.538317879
622	4.8484728073
623	4.8484728073
624	4.8484728073
625	5.45460861087
626	5.45460861087
627	5.45460861087
628	4.94378298711
629	5.45460861087
630	5.45460861087
631	5.45460861087
632	5.45460861087
633	5.45460861087
634	4.76146143031
635	5.16692653842
636	4.8484728073
637	5.16692653842
638	5.30045793105
639	5.45460861087
640	5.45460861087
641	5.45460861087
642	5.45460861087
643	5.45460861087
644	5.45460861087
645	4.06831424975
646	4.8484728073
647	4.8484728073
648	5.45460861087
649	5.45460861087
650	5.45460861087
651	5.45460861087
652	5.45460861087
653	5.45460861087
654	5.45460861087
655	5.45460861087
656	5.45460861087
657	5.45460861087
658	5.45460861087
659	5.45460861087
660	5.45460861087
661	4.15532562674
662	4.60731075049
663	4.76146143031
664	5.45460861087
665	5.45460861087
666	5.45460861087
667	5.45460861087
668	5.45460861087
669	5.45460861087
670	5.45460861087
671	5.45460861087
672	5.45460861087
673	5.45460861087
674	5.04914350277
675	5.45460861087
676	4.60731075049
677	5.04914350277
678	5.45460861087
679	5.45460861087
680	5.45460861087
681	5.45460861087
682	5.45460861087
683	5.04914350277
684	5.30045793105
685	4.47377935786
686	5.30045793105
687	5.30045793105
688	5.45460861087
689	5.45460861087
690	5.45460861087
691	4.94378298711
692	5.45460861087
693	5.16692653842
694	4.94378298711
695	5.45460861087
696	5.45460861087
697	5.45460861087
698	5.45460861087
699	5.45460861087
700	4.94378298711
701	4.60731075049
702	5.45460861087
703	5.45460861087
704	5.30045793105
705	4.8484728073
706	4.47377935786
707	5.45460861087
708	5.45460861087
709	5.45460861087
710	5.45460861087
711	5.45460861087
712	5.45460861087
713	5.30045793105
714	5.45460861087
715	5.45460861087
716	5.45460861087
717	5.45460861087
718	5.63693016767
719	5.45460861087
720	5.63693016767
721	5.63693016767
722	5.63693016767
723	5.63693016767
724	5.63693016767
725	5.30045793105
726	4.94378298711
727	5.45460861087
728	5.45460861087
729	5.30045793105
730	5.45460861087
731	5.45460861087
732	5.45460861087
733	5.45460861087
734	5.30045793105
735	5.45460861087
736	5.16692653842
737	4.60731075049
738	5.45460861087
739	4.94378298711
740	4.11087386417
741	5.45460861087
742	5.45460861087
743	5.45460861087
744	5.45460861087
745	5.45460861087
746	5.45460861087
747	5.45460861087
748	5.45460861087
749	5.45460861087
750	5.45460861087
751	5.45460861087
752	5.45460861087
753	5.45460861087
754	5.45460861087
755	5.45460861087
756	5.30045793105
757	5.45460861087
758	5.45460861087
759	5.45460861087
760	5.45460861087
761	5.45460861087
762	5.45460861087
763	5.45460861087
764	5.45460861087
765	5.45460861087
766	5.45460861087
767	5.45460861087
768	5.45460861087
769	5.45460861087
770	5.45460861087
771	5.45460861087
772	5.45460861087
773	5.45460861087
774	5.45460861087
775	5.45460861087
776	5.45460861087
777	5.45460861087
778	5.04914350277
779	5.45460861087
780	5.45460861087
781	5.63693016767
782	5.63693016767
783	5.63693016767
784	5.63693016767
785	5.63693016767
786	5.30045793105
787	5.63693016767
788	5.63693016767
789	5.63693016767
790	5.63693016767
791	5.63693016767
792	5.63693016767
793	4.538317879
794	4.68141872264
795	5.04914350277
796	5.04914350277
797	5.63693016767
798	5.63693016767
799	5.63693016767
800	5.63693016767
801	4.94378298711
802	5.63693016767
803	5.63693016767
804	5.63693016767
805	4.94378298711
806	5.63693016767
807	5.04914350277
808	5.63693016767
809	4.68141872264
810	5.63693016767
811	5.63693016767
812	5.45460861087
813	5.63693016767
814	5.04914350277
815	4.68141872264
816	5.63693016767
817	5.63693016767
818	4.76146143031
819	5.30045793105
820	5.45460861087
821	5.45460861087
822	5.63693016767
823	5.04914350277
824	5.16692653842
825	5.63693016767
826	4.47377935786
827	5.63693016767
828	5.04914350277
829	5.63693016767
830	5.63693016767
831	5.63693016767
832	5.30045793105
833	5.63693016767
834	5.63693016767
835	4.68141872264
836	5.04914350277
837	3.72000755549
838	5.63693016767
839	5.63693016767
840	5.04914350277
841	4.76146143031
842	5.63693016767
843	5.63693016767
844	4.41315473605
845	5.63693016767
846	5.63693016767
847	4.94378298711
848	5.63693016767
849	4.76146143031
850	5.63693016767
851	5.63693016767
852	5.63693016767
853	5.63693016767
854	5.63693016767
855	5.04914350277
856	4.68141872264
857	5.63693016767
858	5.30045793105
859	5.63693016767
860	4.94378298711
861	4.76146143031
862	5.63693016767
863	5.63693016767
864	5.04914350277
865	4.35599632221
866	5.63693016767
867	5.63693016767
868	5.30045793105
869	5.63693016767
870	5.63693016767
871	5.63693016767
872	4.538317879
873	5.63693016767
874	5.63693016767
875	5.63693016767
876	5.63693016767
877	5.63693016767
878	5.63693016767
879	5.63693016767
880	5.63693016767
881	4.68141872264
882	5.63693016767
883	5.45460861087
884	5.63693016767
885	5.45460861087
886	5.63693016767
887	5.63693016767
888	5.63693016767
889	5.45460861087
890	5.45460861087
891	5.45460861087
892	5.45460861087
893	5.45460861087
894	5.63693016767
895	5.63693016767
896	5.45460861087
897	5.63693016767
898	5.63693016767
899	5.63693016767
900	5.63693016767
901	5.30045793105
902	5.04914350277
903	5.04914350277
904	4.94378298711
905	5.63693016767
906	5.04914350277
907	5.63693016767
908	5.30045793105
909	5.63693016767
910	5.45460861087
911	5.63693016767
912	5.63693016767
913	5.63693016767
914	5.63693016767
915	5.63693016767
916	5.63693016767
917	5.30045793105
918	5.63693016767
919	5.63693016767
920	5.63693016767
921	5.63693016767
922	5.63693016767
923	5.63693016767
924	5.04914350277
925	5.63693016767
926	5.63693016767
927	5.63693016767
928	5.63693016767
929	5.63693016767
930	5.63693016767
931	5.63693016767
932	5.63693016767
933	5.63693016767
934	3.69102001861
935	5.63693016767
936	5.63693016767
937	5.63693016767
938	5.63693016767
939	5.63693016767
940	5.63693016767
941	5.63693016767
942	5.63693016767
943	5.63693016767
944	5.63693016767
945	5.63693016767
946	5.63693016767
947	5.63693016767
948	4.11087386417
949	5.63693016767
950	5.63693016767
951	5.63693016767
952	5.63693016767
953	5.63693016767
954	5.63693016767
955	5.63693016767
956	4.20184564238
957	4.68141872264
958	5.45460861087
959	4.538317879
960	5.63693016767
961	5.63693016767
962	5.63693016767
963	5.63693016767
964	5.63693016767
965	5.63693016767
966	5.63693016767
967	5.63693016767
968	5.63693016767
969	5.63693016767
970	5.63693016767
971	5.30045793105
972	5.63693016767
973	5.30045793105
974	5.30045793105
975	5.63693016767
976	5.04914350277
977	5.63693016767
978	5.63693016767
979	5.16692653842
980	5.63693016767
981	5.63693016767
982	5.63693016767
983	5.63693016767
984	5.63693016767
985	5.63693016767
986	5.63693016767
987	5.63693016767
988	5.63693016767
989	5.63693016767
990	5.63693016767
991	5.63693016767
992	5.63693016767
993	5.16692653842
994	5.16692653842
995	5.16692653842
996	5.45460861087
997	5.63693016767
998	5.63693016767
999	5.63693016767
1000	5.63693016767
1001	5.63693016767
1002	5.45460861087
1003	5.45460861087
1004	5.45460861087
1005	5.45460861087
1006	5.63693016767
1007	5.63693016767
1008	5.63693016767
1009	5.63693016767
1010	5.63693016767
1011	5.63693016767
1012	5.63693016767
1013	5.30045793105
1014	5.63693016767
1015	5.04914350277
1016	5.63693016767
1017	5.63693016767
1018	5.63693016767
1019	5.63693016767
1020	5.63693016767
1021	5.86007371898
1022	5.86007371898
1023	5.86007371898
1024	5.30045793105
1025	5.30045793105
1026	4.68141872264
1027	5.30045793105
1028	5.86007371898
1029	5.86007371898
1030	5.86007371898
1031	5.45460861087
1032	5.86007371898
1033	5.63693016767
1034	5.86007371898
1035	5.16692653842
1036	5.30045793105
1037	5.45460861087
1038	5.86007371898
1039	5.86007371898
1040	5.86007371898
1041	5.86007371898
1042	5.86007371898
1043	5.86007371898
1044	5.86007371898
1045	5.86007371898
1046	5.86007371898
1047	5.86007371898
1048	5.86007371898
1049	5.45460861087
1050	4.68141872264
1051	4.94378298711
1052	4.94378298711
1053	5.86007371898
1054	5.63693016767
1055	5.86007371898
1056	5.86007371898
1057	5.86007371898
1058	5.30045793105
1059	5.86007371898
1060	5.86007371898
1061	5.86007371898
1062	5.86007371898
1063	5.86007371898
1064	5.86007371898
1065	5.86007371898
1066	5.86007371898
1067	4.94378298711
1068	5.30045793105
1069	5.16692653842
1070	5.04914350277
1071	5.30045793105
1072	5.30045793105
1073	5.86007371898
1074	5.86007371898
1075	5.30045793105
1076	5.86007371898
1077	5.86007371898
1078	5.86007371898
1079	5.86007371898
1080	5.86007371898
1081	5.86007371898
1082	5.86007371898
1083	5.63693016767
1084	5.86007371898
1085	5.86007371898
1086	5.86007371898
1087	5.30045793105
1088	5.86007371898
1089	5.86007371898
1090	5.63693016767
1091	5.45460861087
1092	5.86007371898
1093	5.86007371898
1094	5.63693016767
1095	5.63693016767
1096	5.86007371898
1097	5.86007371898
1098	5.16692653842
1099	5.16692653842
1100	5.45460861087
1101	5.86007371898
1102	5.86007371898
1103	2.81555128126
1104	4.8484728073
1105	6.14775579143
1106	6.14775579143
1107	4.15532562674
1108	5.04914350277
1109	6.14775579143
1110	6.14775579143
1111	6.14775579143
1112	5.30045793105
1113	5.63693016767
1114	6.14775579143
1115	6.14775579143
1116	5.30045793105
1117	4.538317879
1118	4.20184564238
1119	4.20184564238
1120	4.41315473605
1121	5.30045793105
1122	5.63693016767
1123	5.30045793105
1124	5.63693016767
1125	5.63693016767
1126	5.86007371898
1127	6.14775579143
1128	5.86007371898
1129	5.63693016767
1130	4.8484728073
1131	5.04914350277
1132	6.14775579143
1133	6.14775579143
1134	6.14775579143
1135	6.14775579143
1136	5.04914350277
1137	5.45460861087
1138	6.14775579143
1139	5.16692653842
1140	6.14775579143
1141	5.63693016767
1142	5.63693016767
1143	5.86007371898
1144	5.86007371898
1145	6.14775579143
1146	6.14775579143
1147	5.86007371898
1148	5.63693016767
1149	6.14775579143
1150	5.63693016767
1151	6.14775579143
1152	6.14775579143
1153	5.86007371898
1154	6.14775579143
1155	5.63693016767
1156	5.63693016767
1157	4.41315473605
1158	6.14775579143
1159	6.14775579143
1160	5.30045793105
1161	5.63693016767
1162	5.04914350277
1163	6.14775579143
1164	6.14775579143
1165	5.63693016767
1166	6.14775579143
1167	6.14775579143
1168	6.14775579143
1169	5.86007371898
1170	5.04914350277
1171	6.14775579143
1172	6.14775579143
1173	5.63693016767
1174	5.30045793105
1175	6.14775579143
1176	6.14775579143
1177	6.14775579143
1178	6.14775579143
1179	5.86007371898
1180	6.14775579143
1181	6.14775579143
1182	6.14775579143
1183	5.30045793105
1184	5.63693016767
1185	5.63693016767
1186	5.63693016767
1187	6.14775579143
1188	6.14775579143
1189	5.30045793105
1190	6.14775579143
1191	6.14775579143
1192	5.86007371898
1193	5.86007371898
1194	5.30045793105
1195	5.30045793105
1196	6.14775579143
1197	6.14775579143
1198	5.63693016767
1199	6.14775579143
1200	5.63693016767
1201	6.14775579143
1202	6.14775579143
1203	5.63693016767
1204	5.63693016767
1205	5.86007371898
1206	5.63693016767
1207	5.30045793105
1208	6.14775579143
1209	4.68141872264
1210	4.68141872264
1211	5.63693016767
1212	6.14775579143
1213	5.63693016767
1214	6.14775579143
1215	6.14775579143
1216	6.14775579143
1217	6.14775579143
1218	5.30045793105
1219	6.14775579143
1220	6.14775579143
1221	6.14775579143
1222	6.14775579143
1223	6.14775579143
1224	5.63693016767
1225	6.14775579143
1226	6.14775579143
1227	6.14775579143
1228	6.14775579143
1229	6.14775579143
1230	5.63693016767
1231	6.14775579143
1232	6.14775579143
1233	6.14775579143
1234	6.14775579143
1235	5.63693016767
1236	6.14775579143
1237	6.14775579143
1238	6.14775579143
1239	6.14775579143
1240	6.14775579143
1241	6.14775579143
1242	6.14775579143
1243	6.14775579143
1244	6.14775579143
1245	6.14775579143
1246	5.86007371898
1247	6.14775579143
1248	6.14775579143
1249	6.14775579143
1250	6.14775579143
1251	6.14775579143
1252	6.14775579143
1253	6.14775579143
1254	6.14775579143
1255	6.14775579143
1256	5.30045793105
1257	5.63693016767
1258	5.63693016767
1259	5.45460861087
1260	5.30045793105
1261	5.63693016767
1262	5.30045793105
1263	5.63693016767
1264	5.63693016767
1265	6.14775579143
1266	5.63693016767
1267	6.14775579143
1268	5.30045793105
1269	6.14775579143
1270	5.86007371898
1271	6.14775579143
1272	5.86007371898
1273	6.14775579143
1274	6.14775579143
1275	6.14775579143
1276	6.14775579143
1277	5.45460861087
1278	5.63693016767
1279	6.14775579143
1280	6.14775579143
1281	5.86007371898
1282	5.30045793105
1283	5.86007371898
1284	6.14775579143
1285	5.86007371898
1286	6.14775579143
1287	6.14775579143
1288	6.14775579143
1289	6.14775579143
1290	6.14775579143
1291	6.14775579143
1292	6.14775579143
1293	5.63693016767
1294	6.14775579143
1295	6.14775579143
1296	6.14775579143
1297	6.14775579143
1298	6.14775579143
1299	6.14775579143
1300	6.14775579143
1301	6.14775579143
1302	6.14775579143
1303	6.14775579143
1304	6.14775579143
1305	5.86007371898
1306	6.14775579143
1307	6.14775579143
1308	6.14775579143
1309	5.86007371898
1310	6.14775579143
1311	5.86007371898
1312	6.14775579143
1313	6.14775579143
1314	6.14775579143
1315	6.14775579143
1316	5.86007371898
1317	6.14775579143
1318	6.14775579143
1319	6.55322089954
1320	5.86007371898
1321	6.55322089954
1322	6.55322089954
1323	6.55322089954
1324	6.14775579143
1325	6.14775579143
1326	6.14775579143
1327	5.86007371898
1328	6.14775579143
1329	6.14775579143
1330	6.14775579143
1331	6.14775579143
1332	5.86007371898
1333	6.14775579143
1334	6.14775579143
1335	6.14775579143
1336	6.14775579143
1337	6.14775579143
1338	6.14775579143
1339	6.14775579143
1340	6.14775579143
1341	5.63693016767
1342	5.86007371898
1343	6.14775579143
1344	6.14775579143
1345	6.14775579143
1346	6.14775579143
1347	6.14775579143
1348	6.14775579143
1349	6.14775579143
1350	6.55322089954
1351	6.55322089954
1352	6.55322089954
1353	5.86007371898
1354	6.14775579143
1355	6.55322089954
1356	6.55322089954
1357	6.14775579143
1358	6.55322089954
1359	6.14775579143
1360	6.14775579143
1361	6.55322089954
1362	6.14775579143
1363	6.55322089954
1364	6.55322089954
1365	6.55322089954
1366	6.55322089954
1367	6.55322089954
1368	6.55322089954
1369	5.86007371898
1370	5.30045793105
1371	5.30045793105
1372	6.55322089954
1373	5.86007371898
1374	6.14775579143
1375	6.55322089954
1376	6.55322089954
1377	6.55322089954
1378	4.538317879
1379	6.55322089954
1380	4.94378298711
1381	4.94378298711
1382	4.94378298711
1383	6.55322089954
1384	6.55322089954
1385	6.55322089954
1386	5.63693016767
1387	6.55322089954
1388	6.55322089954
1389	6.14775579143
1390	6.55322089954
1391	6.55322089954
1392	6.55322089954
1393	6.55322089954
1394	5.16692653842
1395	6.55322089954
1396	6.55322089954
1397	5.45460861087
1398	6.55322089954
1399	6.55322089954
1400	6.55322089954
1401	6.14775579143
1402	6.55322089954
1403	6.55322089954
1404	6.55322089954
1405	6.55322089954
1406	6.55322089954
1407	6.55322089954
1408	6.14775579143
1409	5.63693016767
1410	5.86007371898
1411	6.14775579143
1412	5.86007371898
1413	6.14775579143
1414	6.55322089954
1415	6.55322089954
1416	6.55322089954
1417	6.55322089954
1418	6.55322089954
1419	6.55322089954
1420	6.55322089954
1421	6.14775579143
1422	6.14775579143
1423	6.55322089954
1424	6.14775579143
1425	6.55322089954
1426	6.55322089954
1427	6.55322089954
1428	6.55322089954
1429	6.55322089954
1430	6.55322089954
1431	6.55322089954
1432	6.55322089954
1433	6.55322089954
1434	6.55322089954
1435	6.55322089954
1436	6.55322089954
1437	5.86007371898
1438	6.55322089954
1439	5.86007371898
1440	6.55322089954
1441	6.55322089954
1442	6.55322089954
1443	6.55322089954
1444	6.55322089954
1445	6.55322089954
1446	6.55322089954
1447	5.86007371898
1448	5.86007371898
1449	6.14775579143
1450	6.55322089954
1451	6.14775579143
1452	6.55322089954
1453	6.55322089954
1454	6.55322089954
1455	6.55322089954
1456	6.55322089954
1457	6.55322089954
1458	6.55322089954
1459	6.14775579143
1460	6.55322089954
1461	6.55322089954
1462	6.14775579143
1463	6.55322089954
1464	6.55322089954
1465	6.14775579143
1466	5.86007371898
1467	6.55322089954
1468	6.55322089954
1469	6.55322089954
1470	6.14775579143
1471	6.55322089954
1472	6.55322089954
1473	6.14775579143
1474	6.55322089954
1475	6.55322089954
1476	6.55322089954
1477	6.55322089954
1478	6.55322089954
1479	6.55322089954
1480	5.86007371898
1481	6.55322089954
1482	6.55322089954
1483	6.55322089954
1484	5.63693016767
1485	4.76146143031
1486	5.86007371898
1487	6.14775579143
1488	6.55322089954
1489	5.63693016767
1490	6.55322089954
1491	6.55322089954
1492	6.55322089954
1493	6.55322089954
1494	6.55322089954
1495	6.55322089954
1496	6.55322089954
1497	6.55322089954
1498	6.55322089954
1499	6.55322089954
1500	6.14775579143
1501	6.55322089954
1502	6.55322089954
1503	6.14775579143
1504	6.55322089954
1505	6.55322089954
1506	6.14775579143
1507	6.55322089954
1508	6.55322089954
1509	6.55322089954
1510	6.55322089954
1511	5.86007371898
1512	6.14775579143
1513	6.55322089954
1514	6.55322089954
1515	6.55322089954
1516	6.55322089954
1517	6.55322089954
1518	6.55322089954
1519	6.14775579143
1520	5.86007371898
1521	6.55322089954
1522	6.55322089954
1523	6.55322089954
1524	6.55322089954
1525	6.55322089954
1526	6.55322089954
1527	6.55322089954
1528	6.55322089954
1529	6.55322089954
1530	6.55322089954
1531	6.55322089954
1532	6.55322089954
1533	6.55322089954
1534	6.55322089954
1535	6.55322089954
1536	6.55322089954
1537	6.14775579143
1538	6.55322089954
1539	6.55322089954
1540	6.55322089954
1541	6.14775579143
1542	6.55322089954
1543	6.55322089954
1544	6.55322089954
1545	6.55322089954
1546	6.55322089954
1547	6.55322089954
1548	6.55322089954
1549	6.55322089954
1550	6.55322089954
1551	6.14775579143
1552	6.55322089954
1553	5.63693016767
1554	6.14775579143
1555	6.14775579143
1556	5.86007371898
1557	6.55322089954
1558	6.55322089954
1559	6.55322089954
1560	6.55322089954
1561	6.55322089954
1562	6.14775579143
1563	6.55322089954
1564	6.55322089954
1565	6.55322089954
1566	6.14775579143
1567	6.55322089954
1568	6.55322089954
1569	6.55322089954
1570	6.55322089954
1571	6.55322089954
1572	6.55322089954
1573	6.55322089954
1574	6.55322089954
1575	6.55322089954
1576	6.55322089954
1577	6.14775579143
1578	6.14775579143
1579	6.14775579143
1580	6.14775579143
1581	6.14775579143
1582	6.14775579143
1583	6.14775579143
1584	6.55322089954
1585	6.55322089954
1586	6.55322089954
1587	6.55322089954
1588	6.55322089954
1589	6.55322089954
1590	6.55322089954
1591	6.14775579143
1592	6.14775579143
1593	6.14775579143
1594	6.14775579143
1595	6.14775579143
1596	6.14775579143
1597	6.14775579143
1598	5.04914350277
1599	6.14775579143
1600	6.14775579143
1601	6.14775579143
1602	6.55322089954
1603	6.55322089954
1604	6.55322089954
1605	6.55322089954
1606	6.55322089954
1607	6.55322089954
1608	6.55322089954
1609	6.55322089954
1610	6.55322089954
1611	6.55322089954
1612	6.55322089954
1613	6.14775579143
1614	6.55322089954
1615	6.55322089954
1616	6.55322089954
1617	6.55322089954
1618	6.55322089954
1619	5.86007371898
1620	6.55322089954
1621	6.55322089954
1622	6.55322089954
1623	6.55322089954
1624	6.55322089954
1625	6.55322089954
1626	6.55322089954
1627	6.14775579143
1628	6.55322089954
1629	6.55322089954
1630	6.55322089954
1631	6.55322089954
1632	6.55322089954
1633	6.55322089954
1634	6.55322089954
1635	6.55322089954
1636	6.14775579143
1637	6.55322089954
1638	6.14775579143
1639	6.55322089954
1640	6.55322089954
1641	6.55322089954
1642	6.55322089954
1643	6.55322089954
1644	6.14775579143
1645	6.55322089954
1646	6.55322089954
1647	6.55322089954
1648	6.55322089954
1649	6.55322089954
1650	6.55322089954
1651	6.55322089954
1652	6.55322089954
1653	6.55322089954
1654	6.55322089954
1655	6.55322089954
1656	6.55322089954
1657	6.55322089954
1658	6.55322089954
1659	6.55322089954
1660	6.55322089954
1661	6.55322089954
1662	6.14775579143
1663	6.55322089954
1664	6.55322089954
1665	6.55322089954
1666	6.55322089954
1667	6.55322089954
1668	6.55322089954
1669	6.55322089954
1670	6.55322089954
1671	6.55322089954
1672	6.55322089954
1673	6.55322089954
1674	6.14775579143
1675	5.86007371898
1676	5.86007371898
1677	6.55322089954
1678	6.55322089954
1679	6.55322089954
1680	6.55322089954
1681	6.14775579143
1682	6.14775579143
1683	6.14775579143
1684	5.86007371898
1685	6.14775579143
1686	6.55322089954
1687	6.55322089954
1688	6.55322089954
1689	6.55322089954
1690	6.55322089954
1691	6.55322089954
1692	6.55322089954
1693	6.55322089954
1694	6.55322089954
1695	6.14775579143
1696	6.55322089954
1697	6.14775579143
1698	6.55322089954
1699	6.14775579143
1700	6.14775579143
1701	6.55322089954
1702	6.55322089954
1703	6.55322089954
1704	6.14775579143
1705	6.14775579143
1706	6.55322089954
1707	6.55322089954
1708	6.55322089954
1709	6.55322089954
1710	6.55322089954
1711	6.55322089954
1712	6.55322089954
1713	6.55322089954
1714	6.14775579143
1715	6.55322089954
1716	6.55322089954
1717	6.55322089954
1718	6.55322089954
1719	6.55322089954
1720	6.55322089954
1721	6.55322089954
1722	6.55322089954
1723	6.55322089954
1724	6.55322089954
1725	6.14775579143
1726	6.55322089954
1727	6.55322089954
1728	6.55322089954
1729	6.55322089954
1730	6.55322089954
1731	6.55322089954
1732	6.55322089954
1733	5.63693016767
1734	6.55322089954
1735	6.55322089954
1736	6.55322089954
1737	6.55322089954
1738	6.55322089954
1739	6.55322089954
1740	6.55322089954
1741	6.55322089954
1742	6.55322089954
1743	6.55322089954
1744	6.55322089954
1745	6.55322089954
1746	5.86007371898
1747	6.55322089954
1748	6.55322089954
1749	6.55322089954
1750	6.55322089954
1751	6.55322089954
1752	5.45460861087
1753	6.55322089954
1754	6.55322089954
1755	6.55322089954
1756	6.55322089954
1757	6.55322089954
1758	5.04914350277
1759	6.55322089954
1760	6.55322089954
1761	6.55322089954
1762	5.63693016767
1763	6.55322089954
1764	6.55322089954
1765	6.55322089954
1766	6.55322089954
1767	6.55322089954
1768	5.63693016767
1769	6.55322089954
1770	6.55322089954
1771	6.55322089954
1772	6.55322089954
1773	6.55322089954
1774	6.55322089954
1775	6.14775579143
1776	6.55322089954
1777	6.55322089954
1778	6.55322089954
1779	6.55322089954
1780	6.55322089954
1781	6.55322089954
1782	6.55322089954
1783	6.55322089954
1784	6.55322089954
1785	6.55322089954
1786	5.63693016767
1787	6.14775579143
1788	6.55322089954
1789	6.55322089954
1790	6.55322089954
1791	6.55322089954
1792	6.55322089954
1793	6.55322089954
1794	6.55322089954
1795	6.55322089954
1796	6.55322089954
1797	6.55322089954
1798	6.55322089954
1799	6.55322089954
1800	6.55322089954
1801	6.55322089954
1802	6.55322089954
1803	6.55322089954
1804	6.55322089954
1805	6.55322089954
1806	6.55322089954
1807	6.55322089954
1808	6.55322089954
1809	6.55322089954
1810	6.55322089954
1811	6.55322089954
1812	6.55322089954
1813	6.55322089954
1814	6.55322089954
1815	6.55322089954
1816	6.55322089954
1817	6.55322089954
1818	6.55322089954
1819	6.55322089954
1820	6.55322089954
1821	6.55322089954
1822	6.55322089954
1823	6.55322089954
1824	5.63693016767
1825	6.55322089954
1826	6.55322089954
1827	6.55322089954
1828	6.55322089954
1829	6.55322089954
1830	6.55322089954
1831	6.55322089954
1832	6.55322089954
1833	6.55322089954
1834	6.55322089954
1835	6.55322089954
1836	6.55322089954
1837	6.55322089954
1838	6.14775579143
1839	6.55322089954
1840	6.55322089954
1841	6.55322089954
1842	5.86007371898
1843	6.55322089954
1844	6.55322089954
1845	6.55322089954
1846	6.55322089954
1847	6.55322089954
1848	6.55322089954
1849	6.55322089954
1850	6.55322089954
1851	6.55322089954
1852	6.55322089954
1853	6.55322089954
1854	6.55322089954
1855	6.55322089954
1856	6.55322089954
1857	6.55322089954
1858	5.63693016767
1859	6.55322089954
1860	6.55322089954
1861	6.55322089954
1862	6.55322089954
1863	5.86007371898
1864	6.14775579143
1865	6.55322089954
1866	6.55322089954
1867	6.55322089954
1868	6.55322089954
1869	6.55322089954
1870	6.55322089954
1871	6.55322089954
1872	6.55322089954
1873	6.55322089954
1874	4.60731075049
1875	6.55322089954
1876	4.41315473605
1877	6.55322089954
1878	5.16692653842
1879	5.86007371898
1880	5.86007371898
1881	5.86007371898
1882	5.86007371898
1883	4.94378298711
1884	6.55322089954
1885	6.55322089954
1886	6.55322089954
1887	6.55322089954
1888	6.55322089954
1889	4.30192910094
1890	6.55322089954
1891	5.63693016767
1892	6.55322089954
1893	5.63693016767
1894	6.55322089954
1895	5.86007371898
1896	6.14775579143
1897	6.55322089954
1898	6.55322089954
1899	4.47377935786
1900	5.86007371898
1901	6.55322089954
1902	6.55322089954
1903	6.55322089954
1904	6.14775579143
1905	6.14775579143
1906	6.55322089954
1907	6.55322089954
1908	6.55322089954
1909	6.55322089954
1910	6.55322089954
1911	6.14775579143
1912	5.30045793105
1913	6.14775579143
1914	6.55322089954
1915	6.55322089954
1916	6.55322089954
1917	6.14775579143
1918	6.55322089954
1919	6.55322089954
1920	6.55322089954
1921	6.55322089954
1922	6.55322089954
1923	6.55322089954
1924	6.55322089954
1925	6.55322089954
1926	6.55322089954
1927	6.55322089954
1928	6.55322089954
1929	6.55322089954
1930	5.16692653842
1931	6.14775579143
1932	5.16692653842
1933	6.55322089954
1934	5.63693016767
1935	6.14775579143
1936	5.63693016767
1937	6.55322089954
1938	6.55322089954
1939	6.55322089954
1940	6.14775579143
1941	6.55322089954
1942	6.55322089954
1943	6.55322089954
1944	6.55322089954
1945	6.55322089954
1946	6.55322089954
1947	6.55322089954
1948	6.55322089954
1949	5.45460861087
1950	6.14775579143
1951	6.55322089954
1952	6.55322089954
1953	5.45460861087
1954	6.55322089954
1955	6.14775579143
1956	6.55322089954
1957	6.55322089954
1958	6.55322089954
1959	6.55322089954
1960	6.55322089954
1961	6.55322089954
1962	6.55322089954
1963	6.55322089954
1964	6.55322089954
1965	6.55322089954
1966	6.14775579143
1967	6.55322089954
1968	6.55322089954
1969	6.55322089954
1970	6.55322089954
1971	6.55322089954
1972	6.55322089954
1973	6.14775579143
1974	6.55322089954
1975	6.55322089954
1976	6.55322089954
1977	6.55322089954
1978	6.55322089954
1979	6.55322089954
1980	6.14775579143
1981	6.55322089954
1982	6.55322089954
1983	6.55322089954
1984	6.55322089954
1985	6.55322089954
1986	6.55322089954
1987	6.55322089954
1988	6.55322089954
1989	6.55322089954
1990	6.55322089954
1991	6.55322089954
1992	6.14775579143
1993	5.86007371898
1994	5.86007371898
1995	6.55322089954
1996	6.14775579143
1997	5.86007371898
1998	5.86007371898
1999	6.55322089954
2000	6.55322089954
2001	6.55322089954
2002	6.55322089954
2003	6.55322089954
2004	6.55322089954
2005	6.55322089954
2006	6.55322089954
2007	6.55322089954
2008	6.55322089954
2009	6.55322089954
2010	6.55322089954
2011	6.55322089954
2012	6.55322089954
2013	6.55322089954
2014	6.55322089954
2015	6.55322089954
2016	6.55322089954
2017	6.55322089954
2018	6.55322089954
2019	6.55322089954
2020	6.55322089954
2021	5.16692653842
2022	6.55322089954
2023	5.63693016767
2024	6.55322089954
2025	5.16692653842
2026	5.16692653842
2027	5.30045793105
2028	6.55322089954
2029	6.55322089954
2030	6.55322089954
2031	6.55322089954
2032	6.14775579143
2033	5.63693016767
2034	6.55322089954
2035	6.55322089954
2036	6.55322089954
2037	6.14775579143
2038	6.55322089954
2039	6.55322089954
2040	6.55322089954
2041	6.55322089954
2042	6.14775579143
2043	6.14775579143
2044	6.55322089954
2045	6.55322089954
2046	6.55322089954
2047	6.55322089954
2048	6.55322089954
2049	6.55322089954
2050	6.55322089954
2051	6.55322089954
2052	6.55322089954
2053	5.86007371898
2054	6.55322089954
2055	5.63693016767
2056	6.55322089954
2057	6.55322089954
2058	6.55322089954
2059	6.14775579143
2060	6.55322089954
2061	6.55322089954
2062	6.55322089954
2063	6.55322089954
2064	6.55322089954
2065	6.55322089954
2066	6.55322089954
2067	6.55322089954
2068	6.55322089954
2069	6.14775579143
2070	6.55322089954
2071	6.55322089954
2072	6.55322089954
2073	6.55322089954
2074	6.55322089954
2075	6.55322089954
2076	6.55322089954
2077	6.55322089954
2078	6.55322089954
2079	6.55322089954
2080	6.55322089954
2081	5.86007371898
2082	6.55322089954
2083	6.55322089954
2084	6.55322089954
2085	6.55322089954
2086	6.55322089954
2087	6.55322089954
2088	6.55322089954
2089	6.55322089954
2090	6.55322089954
2091	6.55322089954
2092	6.55322089954
2093	6.55322089954
2094	6.55322089954
2095	6.55322089954
2096	6.55322089954
2097	6.14775579143
2098	6.55322089954
2099	6.55322089954
2100	6.55322089954
2101	6.55322089954
2102	6.55322089954
2103	6.14775579143
2104	6.55322089954
2105	6.55322089954
2106	6.55322089954
2107	6.55322089954
2108	6.55322089954
2109	6.55322089954
2110	6.14775579143
2111	6.55322089954
2112	6.14775579143
2113	6.55322089954
2114	6.55322089954
2115	6.55322089954
2116	6.55322089954
2117	6.14775579143
2118	6.55322089954
2119	6.14775579143
2120	6.55322089954
2121	6.55322089954
2122	6.14775579143
2123	6.55322089954
2124	6.55322089954
2125	6.14775579143
2126	6.55322089954
2127	6.55322089954
2128	6.55322089954
2129	6.55322089954
2130	6.55322089954
2131	6.55322089954
2132	6.55322089954
2133	6.55322089954
2134	6.55322089954
2135	6.55322089954
2136	6.55322089954
2137	6.55322089954
2138	6.55322089954
2139	6.55322089954
2140	6.55322089954
2141	6.55322089954
2142	6.55322089954
2143	6.55322089954
2144	6.55322089954
2145	6.55322089954
2146	6.14775579143
2147	6.55322089954
2148	6.55322089954
2149	5.86007371898
2150	6.55322089954
2151	6.55322089954
2152	5.86007371898
2153	6.55322089954
2154	6.55322089954
2155	6.55322089954
2156	6.55322089954
2157	6.55322089954
2158	6.55322089954
2159	6.55322089954
2160	6.55322089954
2161	6.55322089954
2162	6.55322089954
2163	6.14775579143
2164	6.55322089954
2165	6.55322089954
2166	6.55322089954
2167	6.55322089954
2168	6.55322089954
2169	6.55322089954
2170	6.55322089954
2171	6.55322089954
2172	6.55322089954
2173	6.14775579143
2174	6.55322089954
2175	6.55322089954
2176	6.55322089954
2177	6.14775579143
2178	6.55322089954
2179	6.55322089954
2180	6.55322089954
2181	6.55322089954
2182	6.55322089954
2183	6.55322089954
2184	6.55322089954
2185	6.55322089954
2186	6.55322089954
2187	6.55322089954
2188	6.55322089954
2189	6.14775579143
2190	6.55322089954
2191	6.55322089954
2192	6.14775579143
2193	6.55322089954
2194	6.55322089954
2195	6.55322089954
2196	6.55322089954
2197	6.55322089954
2198	6.55322089954
2199	6.55322089954
2200	6.55322089954
2201	6.55322089954
2202	6.55322089954
2203	6.14775579143
2204	6.55322089954
2205	6.55322089954
2206	6.14775579143
2207	6.14775579143
2208	6.14775579143
2209	6.55322089954
2210	6.55322089954
2211	6.55322089954
2212	6.14775579143
2213	6.55322089954
2214	6.55322089954
2215	6.55322089954
2216	6.55322089954
2217	6.14775579143
2218	5.86007371898
2219	6.55322089954
2220	6.55322089954
2221	5.63693016767
2222	5.86007371898
2223	6.14775579143
2224	6.55322089954
2225	6.55322089954
2226	6.14775579143
2227	6.14775579143
2228	6.55322089954
2229	6.55322089954
2230	6.55322089954
2231	6.55322089954
2232	6.55322089954
2233	6.55322089954
2234	6.55322089954
2235	6.14775579143
2236	6.55322089954
2237	6.55322089954
2238	6.55322089954
2239	6.14775579143
2240	6.55322089954
2241	6.55322089954
2242	6.55322089954
2243	6.14775579143
2244	6.55322089954
2245	6.14775579143
2246	6.55322089954
2247	6.55322089954
2248	6.55322089954
2249	6.55322089954
2250	6.55322089954
2251	6.55322089954
2252	6.55322089954
2253	6.55322089954
2254	5.86007371898
2255	6.14775579143
2256	6.55322089954
2257	6.55322089954
2258	5.86007371898
2259	6.55322089954
2260	6.55322089954
2261	6.55322089954
2262	6.55322089954
2263	6.55322089954
2264	6.55322089954
2265	6.14775579143
2266	6.55322089954
2267	6.55322089954
2268	5.63693016767
2269	6.55322089954
2270	6.14775579143
2271	6.55322089954
2272	5.63693016767
2273	5.63693016767
2274	5.63693016767
2275	6.55322089954
2276	6.55322089954
2277	6.55322089954
2278	6.55322089954
2279	6.55322089954
2280	6.55322089954
2281	6.55322089954
2282	6.55322089954
2283	6.55322089954
2284	6.55322089954
2285	6.55322089954
2286	6.55322089954
2287	6.14775579143
2288	6.55322089954
2289	6.55322089954
2290	6.55322089954
2291	6.55322089954
2292	6.55322089954
2293	6.55322089954
2294	6.55322089954
2295	6.55322089954
2296	6.55322089954
2297	6.55322089954
2298	6.55322089954
2299	6.55322089954
2300	6.55322089954
2301	6.55322089954
2302	6.55322089954
2303	6.55322089954
2304	6.55322089954
2305	6.55322089954
2306	6.55322089954
2307	6.55322089954
2308	6.55322089954
2309	6.55322089954
2310	6.55322089954
2311	6.55322089954
2312	6.55322089954
2313	6.55322089954
2314	6.55322089954
2315	6.55322089954
2316	6.14775579143
2317	6.55322089954
2318	6.55322089954
2319	6.55322089954
2320	6.14775579143
2321	6.55322089954
2322	6.55322089954
2323	6.55322089954
2324	6.55322089954
2325	6.55322089954
2326	6.55322089954
2327	6.55322089954
2328	6.55322089954
2329	6.55322089954
2330	6.55322089954
2331	6.55322089954
2332	6.55322089954
2333	6.55322089954
2334	6.55322089954
2335	6.55322089954
2336	6.55322089954
2337	6.55322089954
2338	6.55322089954
2339	6.55322089954
2340	6.55322089954
2341	6.55322089954
2342	6.55322089954
2343	6.55322089954
2344	6.55322089954
2345	6.55322089954
2346	6.55322089954
2347	6.55322089954
2348	6.55322089954
2349	6.55322089954
2350	6.55322089954
2351	6.55322089954
2352	6.55322089954
2353	6.14775579143
2354	6.55322089954
2355	6.55322089954
2356	6.14775579143
2357	6.55322089954
2358	6.55322089954
2359	6.55322089954
2360	6.55322089954
2361	6.55322089954
2362	6.55322089954
2363	6.55322089954
2364	6.55322089954
2365	6.55322089954
2366	6.55322089954
2367	6.55322089954
2368	6.55322089954
2369	6.14775579143
2370	6.55322089954
2371	6.55322089954
2372	6.55322089954
2373	6.55322089954
2374	6.55322089954
2375	6.55322089954
2376	6.55322089954
2377	6.55322089954
2378	6.55322089954
2379	6.55322089954
2380	6.55322089954
2381	6.55322089954
2382	6.55322089954
2383	6.55322089954
2384	6.55322089954
2385	6.55322089954
2386	5.86007371898
2387	5.86007371898
2388	6.55322089954
2389	6.55322089954
2390	6.55322089954
2391	6.55322089954
2392	6.55322089954
2393	6.55322089954
2394	6.55322089954
2395	6.14775579143
2396	6.55322089954
2397	6.55322089954
2398	6.55322089954
2399	6.55322089954
2400	6.55322089954
2401	6.55322089954
2402	6.55322089954
2403	6.55322089954
